position(x,y,z) diffuse(r,g,b) specular(r,g,b) atten(x,y,z) direction(x,y,z) param1(x,y,z) param2(x)


-22.5 24.5 40 1 0 0 1 0 0 1 0.0000001 0.00005 1 -0.1 0 1 10 12 0


0 100 -15 0.9922 0.9843 0.8275 0.2 0.2 0.2 1 0.01 0.001 0 -1 0 0 0 0 1
-20 15 40 0.8 0.8 0.8 0.2 0.2 0.2 1 0.01 0.01 0 -1 0 0 0 0 1

-2.5 24.9 33.5 1 1 1 1 1 1 1 0.05 0.005 0 -1 0 1 10 25 1
-2.5 24.9 48.5 1 1 1 1 1 1 1 0.05 0.005 0 -1 0 1 10 25 1
-22.5 24.9 33.5 1 1 1 1 1 1 1 0.05 0.005 0 -1 0 1 15 15 1
-22.5 24.9 48.5 1 1 1 1 1 1 1 0.05 0.005 0 -1 0 1 10 25 1
-42.5 24.9 33.5 1 1 1 1 1 1 1 0.05 0.005 0 -1 0 1 10 25 1
-42.5 24.9 48.5 1 1 1 1 1 1 1 0.05 0.005 0 -1 0 1 10 25 1


1000 1000 0 0.9922 0.9843 0.8275 0.9 0.9 0.9 1 0.00001 0.000001 0 -1 0 2 0 0 1

1000 0 0 0.9922 0.9843 0.8275 0.9 0.9 0.9 1 0.00001 0.000001 -1 0 0 2 0 0 1
-1000 0 0 0.9922 0.9843 0.8275 0.9 0.9 0.9 1 0.00001 0.000001 1 0 0 2 0 0 1
1000 0 0 0.9922 0.9843 0.8275 0.9 0.9 0.9 1 0.00001 0.000001 0 0 -1 2 0 0 1
-1000 0 0 0.9922 0.9843 0.8275 0.9 0.9 0.9 1 0.00001 0.000001 0 0 1 2 0 0 1


end